2158.000000, 455345.998000, -2419230.535797, 5385471.028531, 2405341.423551, 0.027407, -0.042530, -0.002484
2158.000000, 455346.998000, -2419230.512417, 5385471.030874, 2405341.498919, -0.006062, 0.073231, 0.140218
2158.000000, 455347.998000, -2419230.219700, 5385471.126626, 2405341.602892, -0.004967, 0.102322, 0.355583
2158.000000, 455348.998000, -2419229.527505, 5385471.414924, 2405341.689405, -0.053660, 0.267668, 0.439138
2158.000000, 455349.998000, -2419228.531396, 5385471.810567, 2405341.832791, -0.083887, 0.465005, 0.360418
2158.000000, 455350.998000, -2419227.293446, 5385472.236317, 2405342.153465, -0.199334, 1.299860, 0.552664
2158.000000, 455351.998000, -2419226.207082, 5385472.430614, 2405342.729684, -0.161643, 0.928395, 0.892255
2158.000000, 455352.998000, -2419225.092237, 5385472.477953, 2405343.867220, -0.135620, 0.636904, 1.259995
2158.000000, 455353.998000, -2419224.078540, 5385472.428474, 2405344.976770, -0.087204, 0.447573, 1.426713
2158.000000, 455354.998000, -2419223.055270, 5385472.239816, 2405346.639050, 0.107453, 0.212870, 1.527604
2158.000000, 455355.998000, -2419221.983499, 5385472.004456, 2405348.285716, 0.136685, 0.168440, 1.854667
2158.000000, 455356.998000, -2419220.472437, 5385471.739946, 2405350.327901, 0.266606, 0.248395, 2.513380
2158.000000, 455357.998000, -2419218.655765, 5385471.252099, 2405353.308664, 0.240633, 0.207221, 3.356055
2158.000000, 455358.998000, -2419216.516231, 5385470.647254, 2405356.921239, 0.292121, 0.141232, 3.846031
2158.000000, 455359.998000, -2419214.097810, 5385470.002726, 2405360.720859, 0.298237, 0.204111, 4.341326
2158.000000, 455360.998000, -2419211.557794, 5385469.183222, 2405365.101779, 0.336851, 0.141374, 4.809905
2158.000000, 455361.998000, -2419208.548795, 5385468.412991, 2405369.867306, 0.278641, 0.158836, 5.278099
2158.000000, 455362.998000, -2419205.431055, 5385467.441816, 2405375.018099, -0.090283, 0.836891, 6.030994
2158.000000, 455363.998000, -2419201.989843, 5385466.583445, 2405380.425381, -0.060211, 0.746689, 6.019845
2158.000000, 455364.998000, -2419198.664700, 5385465.626828, 2405385.847001, -0.125784, 0.869742, 6.009823
2158.000000, 455365.998000, -2419195.365376, 5385464.782909, 2405391.087158, -0.051883, 0.689407, 5.777203
2158.000000, 455366.998000, -2419192.209696, 5385463.910778, 2405396.151910, 0.015956, 1.404484, 5.801885
2158.000000, 455367.998000, -2419188.976998, 5385463.191706, 2405401.166524, -0.065693, 1.008083, 5.732456
2158.000000, 455368.998000, -2419185.703529, 5385462.535481, 2405405.977312, -0.289913, 1.315670, 5.312642
2158.000000, 455369.998000, -2419182.055832, 5385462.264244, 2405410.432008, -0.702866, 1.102758, 4.723113
2158.000000, 455370.998000, -2419177.960279, 5385462.582237, 2405413.817019, -1.037257, 1.403722, 3.864903
2158.000000, 455371.998000, -2419173.651453, 5385463.509674, 2405415.896273, -1.303572, 2.159516, 2.694910
2158.000000, 455372.998000, -2419169.213874, 5385465.042350, 2405417.000268, -1.523245, 2.219189, 1.741476
2158.000000, 455373.998000, -2419165.078269, 5385466.874031, 2405416.875152, -1.623146, 2.716092, 0.732026
2158.000000, 455374.998000, -2419161.252793, 5385469.007717, 2405416.085383, -1.627958, 2.990820, -0.459432
2158.000000, 455375.998000, -2419157.806076, 5385471.372319, 2405414.383044, -1.639626, 3.037743, -1.246124
2158.000000, 455376.998000, -2419154.728346, 5385473.757563, 2405412.026402, -1.689878, 3.199357, -1.497510
2158.000000, 455377.998000, -2419151.736064, 5385476.061480, 2405410.158968, -1.950616, 2.455863, -2.220606
2158.000000, 455378.998000, -2419148.824496, 5385478.371131, 2405408.014857, -1.749749, 2.175311, -2.154644
2158.000000, 455379.998000, -2419146.093244, 5385480.618162, 2405405.545421, -1.638008, 1.958953, -2.166536
2158.000000, 455380.998000, -2419143.779173, 5385482.426636, 2405403.615130, -1.521494, 2.293487, -1.929113
2158.000000, 455381.998000, -2419141.400937, 5385484.384627, 2405401.671452, -1.300726, 2.441821, -1.855704
2158.000000, 455382.998000, -2419139.294254, 5385486.154289, 2405399.571220, -1.269485, 2.282672, -2.087595
2158.000000, 455383.998000, -2419136.976765, 5385488.128367, 2405397.406813, -1.411963, 2.488688, -2.245800
2158.000000, 455384.998000, -2419134.379287, 5385490.330823, 2405395.243428, -1.777998, 3.191553, -1.975022
2158.000000, 455385.998000, -2419131.240503, 5385492.828567, 2405392.991658, -1.998248, 3.305036, -2.124581
2158.000000, 455386.998000, -2419127.694708, 5385495.304336, 2405391.124184, -2.284959, 3.598329, -1.804056
2158.000000, 455387.998000, -2419123.511007, 5385497.832151, 2405389.640596, -2.581873, 3.640101, -0.945738
2158.000000, 455388.998000, -2419118.692875, 5385500.297695, 2405388.884174, -3.078702, 3.058373, 0.515625
2158.000000, 455389.998000, -2419113.512999, 5385502.410740, 2405388.647734, -3.343200, 3.603270, 2.352716
2158.000000, 455390.998000, -2419108.086452, 5385504.176085, 2405389.890947, -2.592260, 1.884547, 2.159390
2158.000000, 455391.998000, -2419102.609791, 5385505.541014, 2405392.250356, -3.500034, 2.962733, 5.043608
2158.000000, 455392.998000, -2419096.920583, 5385506.814046, 2405394.738782, -3.336844, 4.000603, 5.862489
2158.000000, 455393.998000, -2419092.007041, 5385507.635804, 2405398.196501, -2.746162, 3.090288, 5.025103
2158.000000, 455394.998000, -2419087.209028, 5385508.493694, 2405401.171380, -3.430583, 4.586317, 6.546385
2158.000000, 455395.998000, -2419082.942391, 5385509.286978, 2405403.707286, -1.451100, 1.093640, 2.425606
2158.000000, 455396.998000, -2419079.515866, 5385510.002861, 2405405.511583, -1.231286, 0.932987, 1.625398
2158.000000, 455397.998000, -2419076.974160, 5385510.651425, 2405406.460276, -0.916026, 0.677922, 1.013850
2158.000000, 455398.998000, -2419075.248883, 5385511.106564, 2405407.202118, -0.672796, 0.546856, 0.700117
2158.000000, 455399.998000, -2419073.564543, 5385511.603620, 2405407.400375, -0.828267, 0.912578, 0.923098
2158.000000, 455400.998000, -2419072.226544, 5385512.149885, 2405408.143686, -0.437891, 0.410845, -0.014478
2158.000000, 455401.998000, -2419070.831267, 5385513.002588, 2405407.964480, -0.475509, 0.436007, -0.554902
2158.000000, 455402.998000, -2419070.196414, 5385513.672016, 2405407.654399, -0.320653, 0.436654, -1.147500
2158.000000, 455403.998000, -2419069.640820, 5385514.525529, 2405407.058061, -0.075029, -0.048573, -1.095118
2158.000000, 455404.998000, -2419069.651377, 5385514.669440, 2405406.633194, 0.284342, -0.484030, -0.546786
2158.000000, 455405.998000, -2419069.729612, 5385514.682702, 2405406.807933, 0.377881, -0.593079, -0.516378
2158.000000, 455406.998000, -2419069.783561, 5385514.661904, 2405406.812445, 0.389693, -0.638124, -0.550270
2158.000000, 455407.998000, -2419069.765035, 5385514.658530, 2405406.785045, 0.386041, -0.629946, -0.540742
2158.000000, 455408.998000, -2419069.513561, 5385514.592359, 2405406.239396, -0.022683, -0.019267, 0.028528
2158.000000, 455409.998000, -2419069.510632, 5385514.574533, 2405406.207285, 0.032526, -0.087921, -0.014713
2158.000000, 455410.998000, -2419069.506716, 5385514.566103, 2405406.242238, 0.023062, 0.018234, 0.007848
2158.000000, 455411.998000, -2419069.506296, 5385514.565549, 2405406.213356, 0.005355, -0.017523, 0.001329
2158.000000, 455412.998000, -2419069.497262, 5385514.576518, 2405406.218886, -0.041738, 0.045642, 0.013265
2158.000000, 455413.998000, -2419069.457357, 5385514.577120, 2405406.130737, 0.006446, 0.001513, 0.019142
2158.000000, 455414.998000, -2419069.489027, 5385514.574310, 2405406.157323, -0.013103, 0.040330, 0.036583
2158.000000, 455415.998000, -2419069.484345, 5385514.581145, 2405406.134808, -0.025177, 0.031573, -0.022515
2158.000000, 455416.998000, -2419069.486118, 5385514.559787, 2405406.122453, -0.029477, 0.054566, 0.028336
2158.000000, 455417.998000, -2419069.445552, 5385514.559327, 2405406.037529, 0.049835, -0.073034, -0.018757
2158.000000, 455418.998000, -2419069.413122, 5385514.555705, 2405405.978878, -0.026837, 0.071157, 0.068080
2158.000000, 455419.998000, -2419069.406220, 5385514.547493, 2405405.968169, 0.009953, -0.005551, 0.008171
2158.000000, 455420.998000, -2419069.396248, 5385514.547677, 2405405.938722, -0.067775, 0.067284, 0.080207
2158.000000, 455421.998000, -2419069.367480, 5385514.532226, 2405405.886483, -0.015491, 0.078073, 0.028150
2158.000000, 455422.998000, -2419069.347143, 5385514.524114, 2405405.851231, 0.012456, -0.005167, 0.039348
2158.000000, 455423.998000, -2419069.297746, 5385514.530858, 2405405.776887, 0.020702, -0.047097, -0.033696
2158.000000, 455424.998000, -2419069.264303, 5385514.527060, 2405405.716945, -0.001242, 0.007535, 0.007871
2158.000000, 455425.998000, -2419069.279561, 5385514.511879, 2405405.759514, 0.018888, -0.023098, 0.003905
2158.000000, 455426.998000, -2419069.274490, 5385514.499877, 2405405.712644, -0.028729, 0.031841, 0.019561
2158.000000, 455427.998000, -2419069.268389, 5385514.503315, 2405405.672326, 0.018308, 0.034532, 0.012850
2158.000000, 455428.998000, -2419069.231926, 5385514.495018, 2405405.610862, -0.011891, 0.006351, 0.007608
2158.000000, 455429.998000, -2419069.218873, 5385514.496520, 2405405.544790, -0.007542, 0.065944, 0.051046
2158.000000, 455430.998000, -2419069.219256, 5385514.475304, 2405405.575485, 0.001860, 0.039075, 0.026129
2158.000000, 455431.998000, -2419069.167028, 5385514.464462, 2405405.531018, 0.024156, -0.034290, -0.001244
2158.000000, 455432.998000, -2419069.164223, 5385514.466781, 2405405.515050, 0.024720, -0.093030, -0.074942
2158.000000, 455433.998000, -2419069.110268, 5385514.453775, 2405405.435948, -0.016721, 0.044048, 0.033144
2158.000000, 455434.998000, -2419069.126190, 5385514.434891, 2405405.477987, 0.053396, -0.048144, -0.007920
2158.000000, 455435.998000, -2419069.100617, 5385514.425853, 2405405.476032, -0.030712, 0.006073, 0.012573
2158.000000, 455436.998000, -2419069.060016, 5385514.410175, 2405405.421541, 0.042695, -0.032941, -0.042110
2158.000000, 455437.998000, -2419069.035576, 5385514.405622, 2405405.386602, 0.022128, -0.024842, 0.017031
2158.000000, 455438.998000, -2419068.987465, 5385514.406257, 2405405.303647, -0.023652, 0.083790, 0.058467
2158.000000, 455439.998000, -2419069.051082, 5385514.395536, 2405405.386154, 0.088499, -0.068642, -0.012605
2158.000000, 455440.998000, -2419069.009640, 5385514.383593, 2405405.374496, 0.002739, 0.017689, 0.015390
2158.000000, 455441.998000, -2419068.946230, 5385514.437087, 2405405.237199, -0.023304, 0.001643, -0.316970
2158.000000, 455442.998000, -2419068.718955, 5385514.940868, 2405404.123168, -0.381657, 0.577169, -1.879941
2158.000000, 455443.998000, -2419068.466371, 5385516.224731, 2405401.668933, -0.689221, 1.143185, -3.390896
2158.000000, 455444.998000, -2419067.899038, 5385518.313107, 2405398.017011, -1.053903, 1.894717, -4.765209
2158.000000, 455445.998000, -2419066.270770, 5385521.252253, 2405392.868441, -1.254688, 2.019651, -5.855470
2158.000000, 455446.998000, -2419064.010399, 5385524.959197, 2405386.813058, -1.629205, 1.952508, -6.771021
2158.000000, 455447.998000, -2419061.405377, 5385529.082625, 2405380.518222, -0.091872, -1.167538, -8.993910
2158.000000, 455448.998000, -2419057.984280, 5385533.330854, 2405374.251151, -0.097853, -1.904544, -8.833714
2158.000000, 455449.998000, -2419054.432847, 5385537.580397, 2405369.004491, -0.448491, -1.375526, -9.126580
2158.000000, 455450.998000, -2419050.042241, 5385542.111478, 2405363.565139, -0.467504, -1.747992, -8.968088
2158.000000, 455451.998000, -2419045.012240, 5385546.634644, 2405358.347389, -0.632872, -2.439243, -8.357985
2158.000000, 455452.998000, -2419039.422057, 5385551.050874, 2405353.321472, -0.417951, -2.344938, -8.298294
2158.000000, 455453.998000, -2419034.120794, 5385555.504659, 2405349.115475, -0.307878, -2.523220, -8.531273
2158.000000, 455454.998000, -2419028.098054, 5385560.137709, 2405344.378991, -0.165881, -3.582776, -8.590496
2158.000000, 455455.998000, -2419023.149924, 5385565.314926, 2405340.063010, -1.324140, -2.335349, -8.314711
2158.000000, 455456.998000, -2419018.862240, 5385571.022439, 2405335.255026, -0.753501, -3.218416, -7.980365
2158.000000, 455457.998000, -2419011.463672, 5385573.902341, 2405332.672519, -0.286535, -2.839262, -7.007384
2158.000000, 455458.998000, -2419006.045318, 5385577.312157, 2405330.235364, -0.299378, -2.547380, -6.280142
2158.000000, 455459.998000, -2419001.233638, 5385580.598549, 2405327.496743, -0.146912, -2.239952, -5.363167
2158.000000, 455460.998000, -2418997.797504, 5385583.098789, 2405326.581235, -0.322926, -1.353886, -4.137581
2158.000000, 455461.998000, -2418993.935221, 5385585.095240, 2405323.615347, 0.211032, -1.453897, -2.769653
2158.000000, 455462.998000, -2418992.223857, 5385586.247955, 2405322.663096, -0.216627, -0.325989, -1.515014
2158.000000, 455463.998000, -2418991.669204, 5385587.046233, 2405322.221228, -0.124820, -0.204723, -0.829439
2158.000000, 455464.998000, -2418993.743093, 5385589.367619, 2405320.509419, 0.266232, -0.460272, -0.344274
2158.000000, 455465.998000, -2418994.507458, 5385590.109872, 2405320.054220, 0.161188, -0.229112, -0.068510
2158.000000, 455466.998000, -2418990.973451, 5385587.888419, 2405321.316947, -0.174492, 0.115600, -0.328034
2158.000000, 455467.998000, -2418990.537185, 5385588.036531, 2405321.240333, -0.012429, -0.059925, -0.197368
2158.000000, 455468.998000, -2418990.689958, 5385588.102359, 2405321.413494, 0.003305, 0.018536, -0.079801
2158.000000, 455469.998000, -2418990.836016, 5385588.148156, 2405321.462494, 0.080241, -0.080455, 0.057283
2158.000000, 455470.998000, -2418990.999170, 5385588.191129, 2405321.487477, 0.056838, -0.029560, 0.044002
2158.000000, 455471.998000, -2418990.962851, 5385588.179498, 2405321.465928, -0.134256, 0.176758, -0.038666
2158.000000, 455472.998000, -2418990.945294, 5385588.234191, 2405321.486534, -0.063340, -0.040948, -0.215275
2158.000000, 455473.998000, -2418990.294204, 5385588.369248, 2405321.154556, -0.141275, -0.086931, -0.378856
2158.000000, 455474.998000, -2418994.410407, 5385590.710570, 2405321.604503, -0.545900, 0.258588, -0.133545
2158.000000, 455475.998000, -2418988.902993, 5385589.148816, 2405322.055057, -0.914329, 0.162907, -0.094078
2158.000000, 455476.998000, -2418987.099943, 5385589.645976, 2405322.244252, -0.514867, -0.808165, 0.618356
2158.000000, 455477.998000, -2418985.648168, 5385589.420895, 2405323.771730, 0.056989, -1.420636, 1.856644
2158.000000, 455478.998000, -2418986.033831, 5385588.388054, 2405326.028634, -0.147379, 0.082722, 3.014581
2158.000000, 455479.998000, -2418987.731577, 5385586.964388, 2405327.881753, -0.303148, 1.353013, 3.529674
2158.000000, 455480.998000, -2418990.872305, 5385585.138087, 2405329.478637, -0.381330, 2.212115, 3.499970
2158.000000, 455481.998000, -2418995.365599, 5385583.610114, 2405330.467328, -0.031171, 2.496024, 4.392161
2158.000000, 455482.998000, -2418997.739595, 5385579.207829, 2405333.764685, -0.143038, 2.641477, 4.739192
2158.000000, 455483.998000, -2419002.291623, 5385576.248975, 2405335.796564, -0.295621, 2.910040, 5.234851
2158.000000, 455484.998000, -2419008.328764, 5385573.361894, 2405338.655487, -0.226306, 2.773092, 5.697386
2158.000000, 455485.998000, -2419012.443330, 5385569.744746, 2405340.855372, -1.326563, 4.205008, 5.896377
2158.000000, 455486.998000, -2419017.497538, 5385566.499609, 2405343.927755, -0.278390, 2.567003, 5.901960
2158.000000, 455487.998000, -2419022.717393, 5385563.945453, 2405346.471375, -0.382754, 2.392632, 5.787077
2158.000000, 455488.998000, -2419027.162477, 5385561.457103, 2405349.001245, -0.063802, 1.732374, 5.542047
2158.000000, 455489.998000, -2419031.405760, 5385558.253329, 2405353.155531, -0.247606, 1.619728, 4.713099
2158.000000, 455490.998000, -2419031.747210, 5385554.267413, 2405356.541770, -0.229680, 1.269215, 4.155785
2158.000000, 455491.998000, -2419033.963638, 5385552.083659, 2405358.836716, -0.757735, 1.401598, 3.722765
2158.000000, 455492.998000, -2419035.848214, 5385550.419132, 2405360.798316, -0.202633, 0.953583, 2.531755
2158.000000, 455493.998000, -2419036.281444, 5385549.173623, 2405362.003367, 0.197481, -0.182008, 1.066347
2158.000000, 455494.998000, -2419036.493433, 5385548.669120, 2405362.451044, 1.308981, -1.278470, -0.326736
2158.000000, 455495.998000, -2419035.467497, 5385548.315916, 2405362.387677, -1.545631, 1.718377, 0.881894
2158.000000, 455496.998000, -2419035.015046, 5385548.281510, 2405362.200889, -0.753355, 0.841105, 0.466920
2158.000000, 455497.998000, -2419034.712885, 5385548.224733, 2405362.139582, 0.459523, -0.414972, -0.235868
2158.000000, 455498.998000, -2419035.033847, 5385548.271777, 2405362.247325, -0.064157, -0.120282, 0.048804
2158.000000, 455499.998000, -2419034.913048, 5385548.283779, 2405362.172796, -0.243742, 0.352330, 0.158304
2158.000000, 455500.998000, -2419035.143630, 5385548.351641, 2405362.191583, -0.239035, 0.321658, 0.078092
2158.000000, 455501.998000, -2419035.346280, 5385548.402113, 2405362.225935, -0.338983, 0.398014, 0.188625
2158.000000, 455502.998000, -2419035.504647, 5385548.458307, 2405362.222567, 0.054594, -0.011118, 0.020350
2158.000000, 455503.998000, -2419035.673196, 5385548.502840, 2405362.238124, 0.532508, -0.571321, -0.338290
2158.000000, 455504.998000, -2419035.733368, 5385548.525888, 2405362.243806, -0.091173, 0.066633, 0.051037
2158.000000, 455505.998000, -2419035.716611, 5385548.538798, 2405362.226038, -0.439390, 0.371349, 0.251058
2158.000000, 455506.998000, -2419035.659163, 5385548.525907, 2405362.217234, -0.088413, 0.140746, 0.025680
2158.000000, 455507.998000, -2419035.897098, 5385548.570701, 2405362.253889, 0.208833, -0.272385, -0.127893
2158.000000, 455508.998000, -2419035.724260, 5385548.557881, 2405362.205100, -0.354503, 0.249248, 0.172165
2158.000000, 455509.998000, -2419035.757361, 5385548.561372, 2405362.218613, 0.291231, -0.216649, -0.209856
2158.000000, 455510.998000, -2419035.823482, 5385548.572297, 2405362.229821, 0.434184, -0.342067, -0.250236
2158.000000, 455511.998000, -2419035.851800, 5385548.582333, 2405362.223289, 0.582625, -0.503819, -0.360792
2158.000000, 455512.998000, -2419035.926641, 5385548.595997, 2405362.227710, -0.270909, 0.208389, 0.138671
2158.000000, 455513.998000, -2419036.183775, 5385548.626413, 2405362.286324, -0.006674, -0.195014, 0.005440
2158.000000, 455514.998000, -2419036.414522, 5385548.643796, 2405362.343474, 0.295430, -0.238245, -0.156201
2158.000000, 455515.998000, -2419036.790054, 5385548.703536, 2405362.386794, -0.214805, 0.184084, 0.080218
2158.000000, 455516.998000, -2419037.097662, 5385548.729982, 2405362.451315, 0.406908, -0.514829, -0.175207
2158.000000, 455517.998000, -2419037.161745, 5385548.719082, 2405362.471637, 0.060707, -0.232026, 0.019865
2158.000000, 455518.998000, -2419037.629007, 5385548.768611, 2405362.540836, -0.255700, 0.238447, 0.106260
2158.000000, 455519.998000, -2419037.717909, 5385548.768466, 2405362.538625, -0.283484, 0.141725, 0.156561
2158.000000, 455520.998000, -2419037.739349, 5385548.779153, 2405362.520724, -0.113380, 0.148977, 0.049446
2158.000000, 455521.998000, -2419037.910423, 5385548.787386, 2405362.551788, -0.011619, 0.020551, 0.034408
2158.000000, 455522.998000, -2419038.085797, 5385548.795484, 2405362.578307, 0.028129, -0.000033, 0.074246
2158.000000, 455523.998000, -2419037.668849, 5385548.531564, 2405362.708644, -0.332608, 0.145344, 0.624785
2158.000000, 455524.998000, -2419037.625919, 5385547.882023, 2405363.354183, -0.000566, 0.091777, 1.501083
2158.000000, 455525.998000, -2419038.848224, 5385546.552762, 2405364.912482, -0.467800, 0.545066, 2.898689
2158.000000, 455526.998000, -2419041.214158, 5385544.786769, 2405367.269859, -0.443965, 0.283349, 3.362291
2158.000000, 455527.998000, -2419042.637534, 5385542.449442, 2405370.137836, -0.898583, 0.848827, 4.820567
2158.000000, 455528.998000, -2419044.524237, 5385539.773336, 2405373.597670, -0.539869, 0.226168, 5.494271
2158.000000, 455529.998000, -2419047.296673, 5385536.720997, 2405378.131135, 1.987049, -2.483808, 4.900459
2158.000000, 455530.998000, -2419049.234576, 5385533.418078, 2405383.119958, 1.418672, -1.971491, 5.641449
2158.000000, 455531.998000, -2419051.410018, 5385530.178787, 2405388.527765, 0.561904, -1.597377, 5.701606
2158.000000, 455532.998000, -2419052.780051, 5385526.834604, 2405394.350807, -0.537390, -0.380423, 6.861603
2158.000000, 455533.998000, -2419054.048309, 5385523.672914, 2405400.246026, 0.751378, -2.003758, 5.744742
2158.000000, 455534.998000, -2419054.637074, 5385520.779491, 2405405.844982, 0.742221, -1.938165, 5.650424
2158.000000, 455535.998000, -2419055.034066, 5385518.194924, 2405411.112162, -0.723076, -0.411483, 5.975602
2158.000000, 455536.998000, -2419055.342325, 5385515.902862, 2405416.012557, 0.368967, -1.298113, 5.204208
2158.000000, 455537.998000, -2419055.548299, 5385513.858514, 2405420.470794, -0.767944, -0.097430, 4.911944
2158.000000, 455538.998000, -2419055.528665, 5385512.250333, 2405424.076262, 0.340849, -1.169489, 3.137981
2158.000000, 455539.998000, -2419055.632572, 5385511.143584, 2405426.603274, 1.269969, -1.811298, 1.522100
2158.000000, 455540.998000, -2419055.578754, 5385510.477972, 2405428.128030, 0.169202, -0.439465, 1.169656
2158.000000, 455541.998000, -2419055.519862, 5385510.116145, 2405428.950430, 0.053952, -0.230443, 0.580869
2158.000000, 455542.998000, -2419055.362884, 5385509.970491, 2405429.283008, 0.047993, -0.011770, 0.131132
2158.000000, 455543.998000, -2419055.293790, 5385509.971856, 2405429.267242, 0.019013, -0.060742, 0.013610
2158.000000, 455544.998000, -2419055.269792, 5385509.975102, 2405429.254588, 0.006457, 0.012039, -0.006164
2158.000000, 455545.998000, -2419055.270294, 5385509.973876, 2405429.260372, 0.045473, 0.028570, 0.011572
2158.000000, 455546.998000, -2419055.275105, 5385509.969839, 2405429.266761, 0.041319, -0.052354, -0.021052
2158.000000, 455547.998000, -2419055.232579, 5385509.963678, 2405429.263363, 0.112514, -0.099324, -0.027281
2158.000000, 455548.998000, -2419055.265736, 5385509.961153, 2405429.276855, -0.001382, -0.052938, -0.051525
2158.000000, 455549.998000, -2419055.232303, 5385509.961990, 2405429.272566, -0.603066, 0.490852, 0.296824
2158.000000, 455550.998000, -2419055.205532, 5385509.959954, 2405429.274400, 0.462984, -0.448837, -0.218770
2158.000000, 455551.998000, -2419055.207439, 5385509.957719, 2405429.281761, -0.090251, 0.071176, 0.003974
2158.000000, 455552.998000, -2419055.108077, 5385509.955471, 2405429.294525, 1.147428, -1.020487, -0.561658
2158.000000, 455553.998000, -2419055.104722, 5385509.961521, 2405429.281504, -0.084694, 0.068486, 0.043794
2158.000000, 455554.998000, -2419055.146832, 5385509.956279, 2405429.293072, -0.885539, 0.794610, 0.416193
2158.000000, 455555.998000, -2419055.162780, 5385509.949645, 2405429.318363, -0.277460, 0.277134, 0.180824
2158.000000, 455556.998000, -2419055.220797, 5385509.944087, 2405429.323445, -0.329229, 0.271110, 0.123299
2158.000000, 455557.998000, -2419055.153661, 5385509.944926, 2405429.318658, -0.024645, 0.036602, -0.018125
2158.000000, 455558.998000, -2419055.266077, 5385509.935531, 2405429.323137, -0.025283, 0.039700, -0.020035
2158.000000, 455559.998000, -2419055.270851, 5385509.928982, 2405429.350368, -0.279419, 0.302353, 0.120065
2158.000000, 455560.998000, -2419055.393926, 5385509.918197, 2405429.343002, 0.015179, 0.064434, 0.016276
2158.000000, 455561.998000, -2419055.395907, 5385509.899755, 2405429.385671, 0.452756, -0.429800, -0.041358
2158.000000, 455562.998000, -2419055.170877, 5385509.758222, 2405429.751867, 0.072974, -0.265478, 0.523097
2158.000000, 455563.998000, -2419055.221760, 5385509.319276, 2405430.777497, 0.023797, -0.729513, 1.362108
2158.000000, 455564.998000, -2419055.167857, 5385508.524392, 2405432.718845, 0.196817, -0.968040, 2.461404
2158.000000, 455565.998000, -2419054.624679, 5385507.450934, 2405435.628199, 0.672510, -1.080091, 3.491520
2158.000000, 455566.998000, -2419053.752911, 5385506.188781, 2405439.308211, 1.006151, -1.319571, 4.232905
2158.000000, 455567.998000, -2419052.125695, 5385504.831369, 2405443.863417, 1.707090, -1.580312, 4.976834
2158.000000, 455568.998000, -2419049.821562, 5385503.486210, 2405449.042595, 1.993405, -1.594708, 5.483826
2158.000000, 455569.998000, -2419047.353009, 5385502.169526, 2405454.497534, 2.531007, -1.136470, 5.869967
2158.000000, 455570.998000, -2419044.365848, 5385500.957664, 2405460.111875, 2.508194, -1.804875, 5.860949
2158.000000, 455571.998000, -2419041.240467, 5385499.790531, 2405465.870062, 3.314466, -0.835650, 6.474367
2158.000000, 455572.998000, -2419037.013144, 5385498.929405, 2405471.779558, 3.743925, -0.933642, 6.496482
2158.000000, 455573.998000, -2419032.790527, 5385498.117166, 2405477.833986, 3.982046, -1.445229, 6.394996
2158.000000, 455574.998000, -2419027.927973, 5385497.635645, 2405483.791766, 2.067200, -0.515229, 5.504090
2158.000000, 455575.998000, -2419021.838549, 5385497.732364, 2405489.347296, 2.538757, 1.035758, 5.683827
2158.000000, 455576.998000, -2419014.769252, 5385498.334883, 2405494.578575, -0.202948, -4.694825, 3.923297
2158.000000, 455577.998000, -2419010.580848, 5385498.289568, 2405499.872238, -0.011466, -2.679124, 5.157413
2158.000000, 455578.998000, -2419004.118845, 5385498.931436, 2405505.475626, 1.735935, -2.125793, 3.949702
2158.000000, 455579.998000, -2418996.738175, 5385500.064889, 2405510.372677, 0.984366, -3.176537, 3.672646
2158.000000, 455580.998000, -2418988.761834, 5385501.442325, 2405515.093047, 1.550165, -1.219175, 4.646462
2158.000000, 455581.998000, -2418978.550150, 5385503.352223, 2405520.498282, 2.914525, 4.330380, 7.262496
2158.000000, 455582.998000, -2418968.972492, 5385505.210341, 2405525.589922, 2.922461, 5.278062, 8.128098
2158.000000, 455583.998000, -2418959.765537, 5385506.811202, 2405531.405211, 2.633475, 4.771359, 8.038802
2158.000000, 455584.998000, -2418950.077017, 5385508.530296, 2405537.158470, 2.641565, 5.325761, 8.756028
2158.000000, 455585.998000, -2418935.475474, 5385512.255489, 2405542.392350, 1.595516, 6.378317, 9.600007
2158.000000, 455586.998000, -2418926.056158, 5385514.006836, 2405547.965967, -3.646761, 6.213884, 8.861980
2158.000000, 455587.998000, -2418920.202703, 5385514.261801, 2405553.910580, -2.216154, 3.985652, 8.390303
2158.000000, 455588.998000, -2418914.467030, 5385514.463389, 2405559.845600, -3.322333, 3.521845, 7.705762
2158.000000, 455589.998000, -2418903.113850, 5385516.827901, 2405566.070099, -0.796824, 3.589771, 7.648972
2158.000000, 455590.998000, -2418902.462943, 5385515.346678, 2405572.872177, 0.486836, 4.331912, 7.421210
2158.000000, 455591.998000, -2418890.220714, 5385518.189736, 2405577.184818, 1.555336, 6.113143, 8.323002
2158.000000, 455592.998000, -2418879.903595, 5385520.475597, 2405581.288934, 1.371588, 5.545992, 7.321171
2158.000000, 455593.998000, -2418871.184967, 5385522.246813, 2405585.687278, 0.864646, 5.362322, 7.777896
2158.000000, 455594.998000, -2418863.827706, 5385523.348112, 2405591.640090, 0.854831, 7.438398, 7.715739
2158.000000, 455595.998000, -2418861.394012, 5385522.438115, 2405595.380240, 1.286274, 3.678741, 6.318925
2158.000000, 455596.999000, -2418855.995291, 5385523.031885, 2405599.477772, 1.197819, 3.179356, 5.538533
2158.000000, 455597.999000, -2418849.984638, 5385524.096438, 2405602.973236, 1.198215, 3.052331, 4.831111
2158.000000, 455598.999000, -2418845.686726, 5385524.643802, 2405606.336167, 0.763784, 2.528226, 4.476363
2158.000000, 455599.999000, -2418843.130692, 5385524.522310, 2405608.996323, 0.638830, 1.963449, 3.642560
2158.000000, 455600.999000, -2418839.452371, 5385525.196338, 2405611.156888, 0.529317, 1.464574, 2.812738
2158.000000, 455601.999000, -2418837.121263, 5385525.409266, 2405613.033604, 0.502252, 1.585322, 2.636934
2158.000000, 455602.999000, -2418834.814676, 5385525.647802, 2405614.985848, 0.430239, 1.738398, 2.725483
2158.000000, 455603.999000, -2418832.295841, 5385525.957587, 2405616.760852, 0.515414, 1.603443, 2.778647
2158.000000, 455604.999000, -2418829.708707, 5385526.213887, 2405618.963008, 0.555629, 1.708755, 3.113571
2158.000000, 455605.999000, -2418823.848701, 5385528.612716, 2405620.573064, 0.216519, 1.473593, 2.745624
2158.000000, 455606.999000, -2418819.379930, 5385530.187693, 2405621.849194, 0.214424, 1.120534, 2.583956
2158.000000, 455607.999000, -2418815.132364, 5385531.740702, 2405623.779334, 0.367900, 1.720410, 2.911796
2158.000000, 455608.999000, -2418821.082643, 5385526.798281, 2405626.513926, 0.287596, 1.416200, 2.319086
2158.000000, 455609.999000, -2418819.275769, 5385526.982744, 2405627.644941, 0.177931, 0.765693, 1.750778
2158.000000, 455610.999000, -2418818.208133, 5385526.948621, 2405628.788619, 0.080974, 0.610207, 1.440662
2158.000000, 455611.999000, -2418817.118552, 5385527.068909, 2405629.587349, -0.004264, 0.238569, 1.015188
2158.000000, 455612.999000, -2418815.809640, 5385527.436539, 2405630.006369, 0.083989, 0.599802, 0.979941
2158.000000, 455613.999000, -2418814.470295, 5385527.853343, 2405629.953353, 0.039500, 0.040462, 0.400847
2158.000000, 455614.999000, -2418814.662201, 5385527.519813, 2405630.205020, 0.055574, 0.048569, 0.245294
2158.000000, 455615.999000, -2418814.887620, 5385527.285433, 2405630.173316, -0.026945, 0.062227, 0.026582
2158.000000, 455616.999000, -2418814.794823, 5385527.342062, 2405630.114750, -0.022651, -0.200248, -0.087472
2158.000000, 455617.999000, -2418814.706607, 5385527.409366, 2405630.064991, 0.039488, 0.185604, 0.071121
2158.000000, 455618.999000, -2418814.500693, 5385527.556581, 2405629.972928, -0.023112, 0.120191, 0.083594
2158.000000, 455619.999000, -2418814.494804, 5385527.560901, 2405629.956543, 0.009914, -0.015661, -0.044403
2158.000000, 455620.999000, -2418814.593649, 5385527.479602, 2405629.864313, -0.011121, -0.065562, -0.007851
2158.000000, 455621.999000, -2418814.407201, 5385527.621121, 2405629.825675, 0.027008, 0.071038, 0.033318
2158.000000, 455622.999000, -2418814.336350, 5385527.654662, 2405629.637416, -0.006220, 0.067983, 0.075005
2158.000000, 455623.999000, -2418814.327152, 5385527.596458, 2405629.908592, 0.036956, -0.058768, 0.173513
2158.000000, 455624.999000, -2418814.044937, 5385527.647863, 2405630.386877, 0.088747, 0.075625, 0.465507
2158.000000, 455625.999000, -2418813.595599, 5385527.607998, 2405631.178941, 0.113169, 0.265274, 0.762473
2158.000000, 455626.999000, -2418813.263275, 5385527.544370, 2405631.897755, 0.113359, 0.196064, 0.320182
2158.000000, 455627.999000, -2418813.143329, 5385527.502207, 2405631.802784, 0.014161, 0.118666, 0.220161
2158.000000, 455628.999000, -2418812.857111, 5385527.553695, 2405632.121479, 0.000988, 0.155516, 0.495459
2158.000000, 455629.999000, -2418807.913042, 5385531.687920, 2405633.363093, -0.055589, 0.524531, 1.522389
2158.000000, 455630.999000, -2418805.843651, 5385532.173592, 2405634.671044, -0.117466, 1.134473, 2.725288
2158.000000, 455631.999000, -2418802.606808, 5385533.172586, 2405637.512098, -0.180084, 1.789262, 3.768432
2158.000000, 455632.999000, -2418798.741969, 5385534.072834, 2405640.931134, -0.280552, 1.882193, 4.471272
2158.000000, 455633.999000, -2418794.655019, 5385534.352187, 2405644.039425, -0.184626, 2.631947, 5.393712
2158.000000, 455634.999000, -2418789.510884, 5385535.275406, 2405647.969439, -0.229321, 4.965823, 7.029408
2158.000000, 455635.999000, -2418784.431227, 5385535.922052, 2405651.805135, -0.299196, 4.471171, 6.748262
2158.000000, 455636.999000, -2418778.554872, 5385537.644329, 2405655.757578, -0.814763, 1.646738, 5.395955
2158.000000, 455637.999000, -2418778.914627, 5385532.599595, 2405657.858793, -1.116556, -0.416469, 4.103350
2158.000000, 455638.999000, -2418774.662422, 5385532.977913, 2405662.106256, -0.896019, 1.121569, 4.637461
2158.000000, 455639.999000, -2418770.784931, 5385533.028863, 2405665.911530, -0.923305, 1.895766, 4.969918
2158.000000, 455640.999000, -2418768.463093, 5385531.340981, 2405668.640240, -0.183186, -3.274946, 1.942468
2158.000000, 455641.999000, -2418765.005952, 5385531.165891, 2405672.465161, -0.882364, -2.586841, 3.831378
2158.000000, 455642.999000, -2418762.241011, 5385530.844381, 2405676.693037, 0.690789, -2.258554, 3.764855
2158.000000, 455643.999000, -2418758.274399, 5385533.279290, 2405682.589082, 1.319499, -2.608441, 2.777587
2158.000000, 455644.999000, -2418760.302071, 5385530.075924, 2405686.116419, 1.528861, 2.587471, 5.220511
2158.000000, 455645.999000, -2418764.644155, 5385524.667016, 2405687.273315, 1.364458, -1.834056, 2.706386
2158.000000, 455646.999000, -2418767.201694, 5385521.850038, 2405690.262146, 1.020472, 1.182087, 4.657930
2158.000000, 455647.999000, -2418768.724608, 5385520.227791, 2405694.201458, 3.273073, -4.097224, 1.982574
2158.000000, 455648.999000, -2418771.521420, 5385516.893855, 2405698.451389, 1.886123, -0.962980, 4.578701
2158.000000, 455649.999000, -2418768.088248, 5385521.533087, 2405706.232754, 1.335366, -4.960966, 2.344644
2158.000000, 455650.999000, -2418775.895596, 5385511.379662, 2405707.489923, 2.720695, -4.394580, 2.330137
2158.000000, 455651.999000, -2418778.737813, 5385507.501080, 2405710.913874, 1.973027, -4.215520, 3.217257
2158.000000, 455652.999000, -2418782.472793, 5385502.544326, 2405715.563140, 1.965741, -2.624812, 3.321660
2158.000000, 455653.999000, -2418785.166061, 5385498.920117, 2405719.334293, 0.555764, 2.171891, 5.463723
2158.000000, 455654.999000, -2418787.122501, 5385496.208713, 2405724.335921, 0.879958, 0.971819, 4.639594
2158.000000, 455655.999000, -2418789.326536, 5385493.078991, 2405727.781539, 1.912558, -1.370110, 3.571624
2158.000000, 455656.999000, -2418788.487914, 5385494.199852, 2405732.211391, 1.665705, -0.490218, 1.745080
2158.000000, 455657.999000, -2418791.934159, 5385489.330479, 2405734.738072, 0.832932, 0.430840, 3.489458
2158.000000, 455658.999000, -2418792.480057, 5385488.092332, 2405737.428409, 1.020581, 2.968775, 3.560757
2158.000000, 455659.999000, -2418793.434381, 5385485.692894, 2405741.021108, 0.533654, 1.896120, 3.796414
2158.000000, 455660.999000, -2418792.273028, 5385485.213165, 2405743.784914, -0.264844, 1.055381, 3.561494
2158.000000, 455661.999000, -2418789.549174, 5385486.654623, 2405746.608692, -0.633054, -0.235348, 2.534240
2158.000000, 455662.999000, -2418789.230484, 5385483.791677, 2405748.451972, -1.059223, 0.161673, 2.432641
2158.000000, 455663.999000, -2418785.417519, 5385486.302628, 2405749.200693, -1.407395, 1.799749, 2.132369
2158.000000, 455664.999000, -2418781.919560, 5385487.840145, 2405750.873929, -1.769520, 1.216103, 2.182881
2158.000000, 455665.999000, -2418778.781388, 5385488.321337, 2405752.623207, -2.029375, 2.284908, 2.754271
2158.000000, 455666.999000, -2418774.105891, 5385490.523929, 2405754.675783, -1.826221, 1.912493, 2.261147
2158.000000, 455667.999000, -2418769.224370, 5385492.545428, 2405756.921865, -1.141803, -0.170273, 2.344624
2158.000000, 455668.999000, -2418765.081384, 5385493.124373, 2405759.673458, -1.716953, 1.441582, 1.801546
2158.000000, 455669.999000, -2418760.776163, 5385493.962452, 2405762.533333, -3.053968, 1.204553, 3.362957
2158.000000, 455670.999000, -2418756.832566, 5385493.555758, 2405766.506813, -3.114109, 1.350736, 2.986155
2158.000000, 455671.999000, -2418753.059474, 5385493.951396, 2405768.797134, -2.553511, -0.265709, 3.242287
2158.000000, 455672.999000, -2418749.582654, 5385493.955471, 2405771.181140, -3.262585, 1.363630, 3.868164
2158.000000, 455673.999000, -2418745.970737, 5385494.379368, 2405773.605336, -3.670030, 1.619440, 3.679535
2158.000000, 455674.999000, -2418742.299957, 5385494.341381, 2405775.884238, -2.477271, 0.130961, 2.401011
2158.000000, 455675.999000, -2418738.776227, 5385494.887683, 2405778.103011, -3.011913, 1.430656, 2.835133
2158.000000, 455676.999000, -2418735.439580, 5385495.483985, 2405780.364098, -2.632576, 2.348924, 2.318508
2158.000000, 455677.999000, -2418732.316671, 5385496.810230, 2405781.254422, -2.601208, 3.423139, 2.865564
2158.000000, 455678.999000, -2418729.485146, 5385497.170616, 2405783.507274, -2.221361, 2.509970, 2.231999
2158.000000, 455679.999000, -2418726.939371, 5385497.296047, 2405785.662461, -2.016046, 0.394311, 1.721495
2158.000000, 455680.999000, -2418724.200506, 5385497.498473, 2405787.430581, -1.430243, -0.201027, 1.335079
2158.000000, 455681.999000, -2418720.988370, 5385498.276439, 2405789.517282, -1.953637, 3.227940, 1.579216
2158.000000, 455682.999000, -2418718.016329, 5385498.798608, 2405791.470895, -1.667433, 0.622509, 1.494682
2158.000000, 455683.999000, -2418714.964698, 5385499.583179, 2405792.934240, -0.769396, 1.176349, 0.544018
2158.000000, 455684.999000, -2418711.512159, 5385500.679276, 2405795.227679, -2.873711, 0.066899, 2.796632
2158.000000, 455685.999000, -2418708.347702, 5385501.616230, 2405796.816282, -1.920698, -1.022239, 1.837323
2158.000000, 455686.999000, -2418704.684673, 5385501.949087, 2405800.551198, -2.184872, 2.658811, 2.892057
2158.000000, 455687.999000, -2418701.936212, 5385501.850042, 2405802.409870, -1.272429, 1.868980, 1.546096
2158.000000, 455688.999000, -2418698.997776, 5385501.615904, 2405804.559117, -1.257556, 0.771488, 1.444987
2158.000000, 455689.999000, -2418694.979567, 5385503.703947, 2405806.626136, -1.988469, 1.388968, 1.808571
2158.000000, 455690.999000, -2418692.789552, 5385504.009471, 2405807.766400, -1.307185, 2.879339, 0.767697
2158.000000, 455691.999000, -2418691.086774, 5385503.437475, 2405808.587048, -0.546103, 0.965779, 0.318600
2158.000000, 455692.999000, -2418688.594857, 5385505.825947, 2405808.683654, -0.731160, 0.996008, 0.495150
2158.000000, 455693.999000, -2418686.257691, 5385507.388840, 2405809.298885, -0.921481, 2.045329, 0.883940
2158.000000, 455694.999000, -2418683.492518, 5385507.876448, 2405811.085497, -0.979038, 1.169991, 1.023231
2158.000000, 455695.999000, -2418680.193452, 5385508.145583, 2405813.343476, -0.999290, 0.270200, 0.952609
2158.000000, 455696.999000, -2418676.144037, 5385508.901905, 2405815.813689, -1.240788, 0.830524, 1.178266
2158.000000, 455697.999000, -2418672.644907, 5385510.126894, 2405817.224970, -1.655898, -0.615594, 1.602096
2158.000000, 455698.999000, -2418669.398004, 5385512.406231, 2405817.996550, -1.852799, -4.080018, 2.294019
2158.000000, 455699.999000, -2418665.304442, 5385510.525840, 2405823.568399, -1.527401, -2.642936, 2.339712
2158.000000, 455700.999000, -2418661.762836, 5385510.000730, 2405827.296303, -1.181703, -1.544840, 1.537282
2158.000000, 455701.999000, -2418658.395825, 5385509.570192, 2405830.335443, -0.785995, -3.025126, 0.598552
2158.000000, 455702.999000, -2418655.554496, 5385509.922225, 2405832.288922, -1.105007, -1.083774, 0.695227
2158.000000, 455703.999000, -2418654.467919, 5385509.712033, 2405833.168142, -0.459978, 0.055888, 0.226463
2158.000000, 455704.999000, -2418652.840418, 5385510.189417, 2405834.161664, 0.189451, -1.965052, -0.355572
2158.000000, 455705.999000, -2418652.362685, 5385509.780543, 2405834.989902, -0.232261, -0.838839, 0.128331
2158.000000, 455706.999000, -2418651.952582, 5385509.921673, 2405835.099825, -0.065897, 0.278467, 0.021110
2158.000000, 455707.999000, -2418652.362333, 5385509.946210, 2405834.781778, 0.086778, -0.306986, -0.070458
2158.000000, 455708.999000, -2418652.282406, 5385509.706731, 2405835.107882, 0.082761, -0.157317, -0.120127
2158.000000, 455709.999000, -2418652.333923, 5385509.356899, 2405835.418805, 0.217717, -0.307242, -0.284581
2158.000000, 455710.999000, -2418652.453774, 5385509.267817, 2405835.446126, 0.044252, 0.703695, -0.020287
2158.000000, 455711.999000, -2418652.533213, 5385509.301194, 2405835.417444, 0.193617, -1.019857, -0.324351
2158.000000, 455712.999000, -2418652.553827, 5385509.388030, 2405835.392480, -0.043780, -0.088154, 0.056225
2158.000000, 455713.999000, -2418652.559992, 5385509.305904, 2405835.529543, 0.078004, -0.332959, -0.109170
2158.000000, 455714.999000, -2418652.574326, 5385509.347708, 2405835.533967, -0.182503, 0.293336, 0.229313
2158.000000, 455715.999000, -2418652.521789, 5385509.471638, 2405835.477741, -0.272887, 0.444406, 0.328197
2158.000000, 455716.999000, -2418652.476937, 5385509.503384, 2405835.529727, -0.401887, 0.352873, 0.461942
2158.000000, 455717.999000, -2418652.538900, 5385509.752251, 2405835.339426, 0.300121, -0.753584, -0.401719
2158.000000, 455718.999000, -2418652.436818, 5385509.591966, 2405835.451191, 0.325599, -0.303026, -0.383468
2158.000000, 455719.999000, -2418652.411367, 5385509.615039, 2405835.462881, 0.073597, -0.253301, -0.077146
2158.000000, 455720.999000, -2418651.796996, 5385509.786118, 2405835.445095, -0.376946, 0.705541, 0.496959
2158.000000, 455721.999000, -2418651.849815, 5385509.953840, 2405835.300317, 0.058817, 0.285236, -0.030363
2158.000000, 455722.999000, -2418651.833325, 5385509.907332, 2405835.386748, -0.387394, 0.910090, 0.455404
2158.000000, 455723.999000, -2418652.306884, 5385509.926216, 2405835.823183, 0.224839, -1.801581, -0.353526
2158.000000, 455724.999000, -2418651.529271, 5385510.007068, 2405836.558464, 0.041587, -3.329015, -0.325000
2158.000000, 455725.999000, -2418648.906380, 5385510.540217, 2405837.749660, -1.242812, 1.223953, 0.579633
2158.000000, 455726.999000, -2418646.008257, 5385513.653072, 2405837.583183, 0.658945, -7.366417, -1.183903
2158.000000, 455727.999000, -2418640.542206, 5385512.866158, 2405841.236374, 0.557231, -8.095295, -1.224957
2158.000000, 455728.999000, -2418635.230128, 5385512.884903, 2405845.070608, -0.415107, -2.371720, 0.683995
2158.000000, 455729.999000, -2418631.238154, 5385512.040099, 2405848.779453, -0.130338, -2.306390, 0.410850
2158.000000, 455730.999000, -2418626.835896, 5385512.917107, 2405850.972987, -0.533631, -0.642319, 1.428358
2158.000000, 455731.999000, -2418622.586364, 5385514.993928, 2405852.899594, -0.667528, -1.382044, 1.316701
2158.000000, 455732.999000, -2418619.339926, 5385514.475141, 2405855.285836, 0.397456, -6.276970, -0.921858
2158.000000, 455733.999000, -2418616.585806, 5385515.241858, 2405856.867227, 0.268871, -5.138738, -0.654293
2158.000000, 455734.999000, -2418614.295525, 5385515.566678, 2405858.558864, -0.201684, -3.564470, -0.030170
2158.000000, 455735.999000, -2418612.135458, 5385516.013648, 2405859.619031, -1.076793, 0.123044, 1.125587
2158.000000, 455736.999000, -2418610.759292, 5385516.201829, 2405860.553740, -1.480767, 1.487851, 0.938037
2158.000000, 455737.999000, -2418609.847338, 5385516.588399, 2405861.111892, -0.901503, 0.592537, 0.974014
2158.000000, 455738.999000, -2418609.353807, 5385516.260652, 2405861.740539, -0.528371, 1.039687, 0.464548
2158.000000, 455739.999000, -2418610.404095, 5385518.114609, 2405861.333660, 0.181059, -0.279178, -0.201996
2158.000000, 455740.999000, -2418610.339958, 5385517.863164, 2405861.651859, -0.065482, 0.010677, 0.181006
2158.000000, 455741.999000, -2418610.839581, 5385517.910920, 2405861.654734, -0.376246, 0.580916, 0.343111
2158.000000, 455742.999000, -2418610.094389, 5385517.163569, 2405861.867172, 0.245796, -0.024388, -0.341361
2158.000000, 455743.999000, -2418609.994092, 5385517.026453, 2405861.851034, -0.047422, -0.274413, 0.269605
2158.000000, 455744.999000, -2418609.994951, 5385517.047877, 2405861.627923, 1.268838, -1.706601, -1.505887
2158.000000, 455745.999000, -2418609.872622, 5385517.065566, 2405861.450616, 0.596438, -1.464320, -0.529715
2158.000000, 455746.999000, -2418609.085966, 5385516.699052, 2405861.049203, 0.512577, -1.127536, -0.414011
2158.000000, 455747.999000, -2418608.828564, 5385516.390452, 2405861.268944, 0.101127, -0.195598, -0.115469
2158.000000, 455748.999000, -2418608.866312, 5385516.471234, 2405861.143450, 0.008270, -0.054611, -0.038473
2158.000000, 455749.999000, -2418608.839333, 5385516.501484, 2405861.091996, 0.107587, -0.151751, -0.075472
2158.000000, 455750.999000, -2418608.882767, 5385516.500765, 2405861.076683, -0.068450, 0.097642, 0.047275
2158.000000, 455751.999000, -2418608.957384, 5385516.527540, 2405860.880223, -0.002803, -0.016518, 0.026874
2158.000000, 455752.999000, -2418609.578835, 5385516.765269, 2405861.103912, 0.022140, -0.026153, -0.037216
2158.000000, 455753.999000, -2418609.537812, 5385516.822215, 2405861.111842, 0.098019, -0.055783, -0.081668
2158.000000, 455754.999000, -2418609.905167, 5385516.912906, 2405861.222265, -0.010629, 0.018750, 0.045888
2158.000000, 455755.999000, -2418609.850438, 5385516.886491, 2405861.188417, 0.014765, -0.040792, -0.003324
2158.000000, 455756.999000, -2418609.856878, 5385516.956221, 2405861.120681, 0.036451, -0.024018, -0.022197
2158.000000, 455757.999000, -2418609.891517, 5385517.006944, 2405861.100297, -0.015911, 0.031148, 0.023342
2158.000000, 455758.999000, -2418609.953845, 5385517.007948, 2405861.151993, 0.096975, -0.051140, -0.061669
2158.000000, 455759.999000, -2418610.427321, 5385517.655043, 2405860.596681, 0.266001, -0.396472, -0.122576
2158.000000, 455760.999000, -2418610.529621, 5385517.612872, 2405860.710710, 0.029421, -0.044108, -0.017168
2158.000000, 455761.999000, -2418610.722030, 5385517.773563, 2405860.642221, 0.108204, -0.110881, -0.062811
2158.000000, 455762.999000, -2418610.391114, 5385517.490091, 2405860.701864, 0.032714, -0.068028, 0.013653
2158.000000, 455763.999000, -2418610.050961, 5385517.296913, 2405860.612087, -0.015187, -0.062763, 0.047250
2158.000000, 455764.999000, -2418609.684898, 5385517.025454, 2405860.630139, -0.023306, 0.007604, 0.015948
2158.000000, 455765.999000, -2418609.608108, 5385517.022026, 2405860.595665, 0.050005, -0.087535, -0.010387
2158.000000, 455766.999000, -2418609.526355, 5385517.026616, 2405860.506147, 0.070228, -0.143560, -0.076182
2158.000000, 455767.999000, -2418609.847948, 5385517.182723, 2405860.575392, 0.060986, -0.036327, -0.056530
2158.000000, 455768.999000, -2418609.966277, 5385517.163972, 2405860.740843, -0.046249, 0.116902, 0.065408
2158.000000, 455769.999000, -2418610.366057, 5385517.396297, 2405860.801764, 0.002751, -0.041728, -0.012509
2158.000000, 455770.999000, -2418610.566427, 5385517.499566, 2405860.857677, -0.047938, 0.136885, 0.060779
2158.000000, 455771.999000, -2418610.313144, 5385517.388083, 2405860.770221, 0.076250, -0.110022, -0.029492
2158.000000, 455772.999000, -2418610.437011, 5385517.659186, 2405860.514885, -0.083966, 0.132695, 0.026498
2158.000000, 455773.999000, -2418610.331471, 5385517.635821, 2405860.495981, -0.286182, 0.482092, 0.107616
2158.000000, 455774.999000, -2418610.096485, 5385517.535892, 2405860.442289, 0.076104, -0.151838, -0.016328
2158.000000, 455775.999000, -2418609.691725, 5385517.229195, 2405860.542952, 0.199092, -0.334796, -0.064561
2158.000000, 455776.999000, -2418609.756814, 5385517.395727, 2405860.407442, 0.502235, -0.752521, -0.140118
2158.000000, 455777.999000, -2418609.908328, 5385517.570825, 2405860.326794, -0.372399, 0.628950, 0.185387
2158.000000, 455778.999000, -2418610.378927, 5385517.674890, 2405860.586531, -0.238873, 0.409718, 0.079465
2158.000000, 455779.999000, -2418610.494265, 5385517.877232, 2405860.465417, 0.082534, -0.086734, -0.010166
2158.000000, 455780.999000, -2418611.135127, 5385518.285351, 2405860.429461, 0.250686, -0.257150, -0.085559
2158.000000, 455781.999000, -2418610.950088, 5385518.141102, 2405860.472008, -0.119442, 0.091587, 0.043592
2158.000000, 455782.999000, -2418610.439710, 5385517.957327, 2405860.343628, 0.110379, -0.072150, -0.032196
2158.000000, 455783.999000, -2418610.022632, 5385517.850256, 2405860.250066, 0.404695, -0.565923, -0.099344
2158.000000, 455784.999000, -2418609.829603, 5385517.684698, 2405860.317683, -0.171931, 0.316536, 0.089381
2158.000000, 455785.999000, -2418609.830030, 5385517.712736, 2405860.311784, -0.538849, 0.752486, 0.125687
2158.000000, 455786.999000, -2418609.895770, 5385517.692453, 2405860.396038, 0.365060, -0.492450, -0.120178
2158.000000, 455787.999000, -2418610.319911, 5385517.899928, 2405860.465541, 0.244357, -0.386811, -0.066963
2158.000000, 455788.999000, -2418610.035858, 5385517.826225, 2405860.351222, 0.041379, 0.146789, 0.011093
2158.000000, 455789.999000, -2418610.064076, 5385517.973852, 2405860.227047, 0.098506, -0.120059, -0.042943
2158.000000, 455790.999000, -2418610.119651, 5385518.091790, 2405860.153264, 0.289292, -0.361964, -0.090263
2158.000000, 455791.999000, -2418610.645430, 5385518.574689, 2405860.002606, -0.228625, 0.163960, 0.072667
2158.000000, 455792.999000, -2418610.780553, 5385518.766800, 2405859.890628, 0.142792, -0.267356, -0.020519
2158.000000, 455793.999000, -2418611.262531, 5385519.263543, 2405859.670414, 0.232784, -0.294570, -0.099066
2158.000000, 455794.999000, -2418611.820620, 5385519.725185, 2405859.564243, 0.078202, -0.156315, 0.017695
2158.000000, 455795.999000, -2418611.645208, 5385519.548889, 2405859.926206, 0.082967, -0.294980, 0.213545
2158.000000, 455796.999000, -2418610.933439, 5385518.919879, 2405860.997514, -1.168659, 1.323282, 1.625890
2158.000000, 455797.999000, -2418609.241942, 5385518.372724, 2405862.653336, -1.467929, 1.448136, 2.066989
2158.000000, 455798.999000, -2418606.827907, 5385519.042191, 2405864.216712, -1.254714, 0.875632, 2.002122
2158.000000, 455799.999000, -2418604.408893, 5385521.648061, 2405865.018609, -2.424795, 1.567859, 3.048601
2158.000000, 455800.999000, -2418600.892534, 5385522.871628, 2405866.740085, -2.137277, 1.831316, 3.045005
2158.000000, 455801.999000, -2418596.510192, 5385523.583439, 2405868.854028, -1.449006, 0.999310, 2.970582
2158.000000, 455802.999000, -2418591.354338, 5385524.626534, 2405870.727887, -1.325071, -0.535839, 2.608525
2158.000000, 455803.999000, -2418587.303111, 5385524.491865, 2405873.943177, -1.933978, 1.605906, 3.748531
2158.000000, 455804.999000, -2418582.450779, 5385523.651034, 2405877.057632, -3.309432, 3.033321, 4.302427
2158.000000, 455805.999000, -2418576.934464, 5385521.820156, 2405880.219981, -2.916482, 2.475730, 4.143088
2158.000000, 455806.999000, -2418576.538649, 5385523.941253, 2405882.318057, 0.117308, -1.349045, 2.091591
2158.000000, 455807.999000, -2418573.537849, 5385522.238330, 2405886.340353, 1.151086, -2.974970, 2.094371
2158.000000, 455808.999000, -2418577.927223, 5385522.789341, 2405890.626221, 0.516578, -1.612728, 3.514007
2158.000000, 455809.999000, -2418580.603494, 5385519.961068, 2405895.657374, 2.532636, -1.490021, 4.947439
2158.000000, 455810.999000, -2418580.626879, 5385515.312263, 2405900.513319, 2.657566, -2.185018, 4.219040
2158.000000, 455811.999000, -2418585.864419, 5385514.125956, 2405904.456788, 3.037205, -3.326080, 4.715452
2158.000000, 455812.999000, -2418582.611664, 5385506.819714, 2405910.806097, 3.427293, -1.807115, 4.257318
2158.000000, 455813.999000, -2418584.855344, 5385502.623150, 2405916.380398, 3.499704, -2.561994, 4.354455
2158.000000, 455814.999000, -2418590.432496, 5385502.295318, 2405920.434157, 2.896209, -1.158189, 4.575531
2158.000000, 455815.999000, -2418591.281367, 5385497.272998, 2405926.004842, 2.898991, -2.891939, 3.856423
2158.000000, 455816.999000, -2418593.422856, 5385494.869050, 2405930.382214, 3.276533, -4.267846, 3.413821
2158.000000, 455817.999000, -2418596.576147, 5385492.077013, 2405934.757135, 2.795802, -3.381229, 4.011717
2158.000000, 455818.999000, -2418599.784869, 5385489.407597, 2405939.016035, 2.378632, -3.115754, 3.084593
2158.000000, 455819.999000, -2418599.177210, 5385484.280725, 2405943.718271, 1.594045, -1.363838, 3.455628
2158.000000, 455820.999000, -2418600.590693, 5385481.482381, 2405947.314969, 1.441676, -1.537371, 2.852909
